2030623
2045351
2012899
2039452
2046012
249134
2053313
2050348
2049301
2144308
2054386
2061906
2062280
2048497
155984
2101282
2015524
2051260
2450079
247106
2099442
2045800
2040616
2039976
2049980
2148982
2150302
202806
2010810
2051202
243060
2047556
2068220
2458903
2037662
2039571
2049041
2047161
257895
2099509
2097976
2039698
2359706
197371
2010501
2027061
2047549
2099905
2047482
222879
2092275
2061288
2059222
2053342
2067280
2013633
2101331
2036247
2045755
1166178
2142288
2047748
2047753
156234
2046751
2039061
2068302
2031949
2053272

2049359
183095
254792
2061148
2047895

2048741

2049401

259729
2038817
2461712

2048964
2053942
2018541
123719
2046585
2455114

249022
116572
2054470
2048126
2039246

2053700


2036286
2046009
2065467
123679
2042593
2597562
2083503
139659

255882
2042120
2137265
2053941

2050505
2068832
2047749

2090537
2148124
2099947

2045904
2040328
2047512
2030042
2157443
2241995
2032330
254041
2142328

2459188
2021308


2057979
2111880
2085014

2064872
2009002
2042551

2050350

123719
2046053

2028566




2112223

2097972
2009922
2084480
2042575

2083641

154358
2084935

2032571

2100337
2010854
2057930
2047447
2064509
2044319
2093248
2063819
2033629
123679
2599598
2041451
2094841
2087882

2011044
2049087
2052824



2463948
2033315
2154307
2047081






187888
123929
2107920

154358
2047533
2048513
2142580

2047127
2036166

2046741

123678

2038201

2048084
2043969


2142587


2040462
















2053200


2047248
2013567
2086060
2059760

229712
2040020
123929


2047735


2059740






123929

123728
2461668
155942
2048960
2020572
2046445
2032804
2992640
2095420
2099003
2070822
2047544
2035741
2042927
2048702
2048859
2105864
2051359
2047815
2036413
2050509
2047898
2014419
2040584
2038841
2000236
2046262
2142593
2020268
2137515
2046144
2044036
2063359
2000276
2012216
2090823
2039757
123719
191389
139659
197587
2014416
123929
2056151
20139659
2047298
146333
123679
2000219
2038823
123679
2453895
2030196
130058
123929
2000445
142535
2034061
202053
2049426
2050344
123728
2142577
133190
203075
2032115
2059260
2048277
2044105
124820
2084884
2013559
160640
2055380
2097760
2055511
2093255
125906
2026166
145655
145655
4651
4533
12355
203075
2029353
2095222
2043639
2060496
2458238
2049049

148472
2048054

168885
2055224
2153622









2063391
2450067


2026147
2010059

249091

183095

2048048
2097426






126398



2040760

2454272
2048660
2111321
2048858









2094864






2067840
2050840

2153788
164009
2050768
2083408
2037228
2082519
165418

2112000
2012883
2053264
2101660

2365303
2014139

2088342
2030884
2099507
2000258
2063960
2149641

2045748
2054436
259471
241203
2047031
199243
2109545
127903
2079405
2010510

2365907
2047007
2047656


2082318

260241

2081540
190444
2010645
2013665
2366983
2056890
2038646



2110600
2109241
2011624
2045140
2095829
2452753
2051120
2049368
133190
2054475
2458915
2052143
2148661
2047649


2065463
2059062
2045993

2023573
2064516

2047241

2042962
2048145
2032863
2054440
259845
2043878
133754
2012779
2146563
2046211

2065130
2064513

2040350


215821

2047886
2110370
2013938
2110429
2033650
2103502
2154320

2601332
256945
2061901
2025491
2061911
2018599
2033768
20
2153781
2046181
2046549
2000190

2029315
2449804

2059660
134752

2063940

2014012

2053316



2019708
2052607
2062244
2096802
2105772
2032917
2085525
2029338
2000199
2047355
2047130
179941
2056562
2046512
2030169
2060028
2048104



2044180
2062788
20
2000509
2099743

143571
2059203

2041617
2054390
2041084
2048892
2017657
153775
2461832
125653
2048068
2062130
2051344
2094280
2053354
2451304
2040619
2142563
2049083
2082700

2052156
2013927
2052900
2010544
2048240
2465853
2105773
2048118
241956
2099022
2096583
2041406
2102601
228189

2047104
2010616
2109562
2046535



2010110
2050021

248992
2029325
2052306
2048902
2089103


2604309
2059570
2040237
2088450
239858
2109942
2055584
2038205
2458375
2045722
243857
2107581


2103240
2158161
2060420
2032760


2029573
2137241
2046604
146333
2067220
2085012
2033169
2047691
2047507
2066779
2059747
2083341


2000314
2451792
2070203

2025314
2080941
2047810
2045047
2080860
2047151
2048715
2065601

210484
2051400
2464340
2028613
2360421
2033715
2086630
2048073
2052808
2147329
2084071
196595
2085011
2036388
2040276
2031591

2039546
2041081
2045962
2046573
2039563
216043
2050504
2183926

2031709
2453706
2039366
2050340

2064311
2048191
2066183


2092269


2031030


2000243
2081800
2393056

2082236
2032941
2456147
2090557
2100342
2048224
2032796
2601163
2048203
2141821
2083981
2051354
2045187
2141882
2048577


2898109









210328


214645







239094
239094
187517

239094
239094
239094
239094
239094
239094

239094
239094
165545
239094
239094
239094
239094









































152031
183208
243060
2013934
2014023
2020227
2030623
2039452
249134
2054386
2040616
155984
247106
2045800
2061288
3027528
202806
2039571
259729
2047161
2047753
2097976
2049359
2048964
2048741
2045755
156234
2053272
2039061
116572
2112223
2100337
2050350
2068832
2459188
2038201
2094841
2057930
2052824
2040462
2047127
2137515
2046549
2051120
2047447
2048104
2450067
249091
2047031
2047298
2010510
2048277
2038841
2000276
2039757
2453895
2149641
214794
2000243
2095829
2046325
2051359
191389
2000275
2046156
2449804
2055224
2063391
2000445
2020268
2095222
2041617
2109241
2057440
2047729
2018593
2048858
2046563
2010110
2061250
2050768
2141883
125653
2087883
2053354
2046130
2039366
2062244
2046127
228189
2079405
2030093
2000050
192803
2046535
2451792
2036830
2049308
2053690
2026720
2080941
248992
2087841
196595
2068489
2088440
2013938
2047029
2062788
2028613
2030168
2393056
2082700
2051400
2048722
2107581
2048049
2040237
2000095
2453706
2048068
2047005
2108470
2049353
2087060
2000256
1137066
2000092
2067005
2048521
1167852
2048241
2066779
2048956
2000237
2067016
2046029
2141882
2048903
2049020
2048121
2361101
2092403
2052160
2082236
2049780
2465945
2000386
2000313
2046573
2012281
2103147
2038477
2000209
2455465
2034151
2048744
2058703
2000213
2048901
2046400
2369023
2049047
2012862
2046104
250398
2049393
2012158
2062827
2044961
254918
2083340
2000165
2050324
2059210
2000121
2091416
2000173
2049040
242873
2090509
2466505
2034739
2453887
2013262
2038836
2021321
2051376
2054479
2040787
2051348
2158203
2183921
2101740
2000045
214697
2038799
2048127
2000354
2048943
2043380
2045964
2000226
2059042
2047333
2047280
2033869
2054398
2243742
2035211
2030986
2039050
2043159
2046654
2030760
239454
2046698
2012071
2599313
2459962
2461860
253902
2049033
2109959
190265
2048638
2048750
2012056
2000201
2083240
2048899
245305
2597616
242719
2048568
2031426
250040
2048927
2013532
2010062
243302
2000255
2011273
2036499
2046558
2084886
2036393
257429
248984
210480
2148944
2000252
2047640
2038754
2000433
2049028
2012114
1167950
2045784
241717
261509
2088408
2031082
2000360

254060
2010924
205054
2000398
2018932
2049109
136021
2154720
246323
2013257
2046673
2000189
2027922
2000309
2062823
2011396
2000157
2461423
2045085
2202080
2043527
2154342
2045923
2046481
2013394
2360724
2599838
2364517
2604679
2012681
2000451
249870
256204
2041681
2012789
2449816
2000240
242338
2464004
2046624
2000342
2047024
2088745
2080281
2032042
206692
259582
2039901
2033371
2045956
2097340
2000273
2027239
125646
2023054
2000340
208566
2011382
2000205
230515
253030
2600411
158909
2000176
251617
2030784
2067287
2047243
2079345
242654
2048568
2045754
160452
197266
2056185
138798
2835665
2048918
2045266
2144762
2049403
193527
2043467
2044586
2000402
2000136
229053
2365768
2000032
241967
2450076
2049423
2600357
147985
2030174
2041312
242574
2044685
2040049
2022322
2048477
203633
242633
207167
169752
2045810
1165778
2062434
254750
2048905
2052185
2000514
2107120
2013744
2156981
2107282
189058
2016077
209489
2048745
182906
184619
2012892
2050326
212573
2465201
2460600
2158763
2044662
2042507
242448
190985
212336
2000039
2000303
240423
2462887
2000375
128176
2013992
251981
202380
253308
250724
2034130
212873
171556
126692
231179
248735
252821
2367689
2080920
2360180
2012813
2089101
203463
2000109
216829
200256
2153361
230786
2046196
2000130
226596
2070166
2038649
250789
2017158
198093
2146722
2031035
174626
2038281
247831
2014089
2100280
2082213
2038931
201042
2366981
2020205
2103480
1168141
2047920
2050061
209143
249530
250462
255980
262191
225214
2083985
250816
228965
199834
242578
2040806
207499
211017
210115
157099
2063342
2042825
2066990
2054386
2459650
166366
246144
2047791
2152584
2044411
2000374
2083407
2082272
2101309
219809
241989
241686
173596
2056260
2000364
226166
239677
2047224
213477
142584
253733
249322
207421
2096380
2066207
2036982
242574
2000192
2045107
1165375
243056
226201
209481
203669
230846
2000478
2013624
2028181
210599
260206
2101303
183786
257492
2013238
2042983
2157605
2597988
220316
2028781
249633
2000181
2067014
174710
2038841
247664
1168284
2017649
237280
2025931
142550
249842
121861
202712
181319
2152422
202441
2013584
2000080
212203
260953
259293
2040336
2070624
214962
2042541
2096383
224722
149297
2000281
2013529
211270
2012680
173851
2035379
260078
223682
211188
139664
256657
226060
1165947
2455133
183334
2449423
209535
2151520
202364
236990
2045267
253254
2047278
2091042
2031437
202177
2048595
159887
2013307
213151
2087880
242716
2097973
2039045
2038905
2062433
174673
221642
173857
153821
2025825
2028939
2047067
226175
2079182
253593
2089981
2026501
210572
2062423

169250
1166467
2041564
243707
2053685
211529
225485
208740
2066720
2000302
186730
249459
211241
134826
2036482
206800
239380
216922
2000153
215371

2158626
2043848
2047628
256530
2046622
242573
256008
2031493
202706
206376
2011285

196371
251824
166620
2025910
2000082
260112
202316
215945
207576
162636
231005
241157
221868
246132
2000057
247756
260880
2013436
210366
200117
2040958
243561
214365

2013236
2465854
187786
2042839
2105764
211300
209431
203569
186539
2031584
184451
2040882
2141381
191776
2105640
205785
2040489
2138760
242361
2059232
171988
224158
182450
242303
2046832
225395
223859
218127
251402
238487
171813
211183
195185
149725
198585
200345
239313
205667
163506
196882
168460
190418
201158
252386
241385
217184
2071421
2027013
197400
166940
189178
2048438
239681
182698
166875
2138625
2858412
167912
204393
2024269
1165906
224841
1166014
124944
258667
126963
2066201
239539
204552
217116
115110
261458
203190
242721
194406
113515
196856
2036792
2598390
229002
243794
2030741
239059
153821
200062
2031959
164600
161150
130565
259598
248097
252939
244607
2602924
114984
144083
140698
246641
189384
260962
203670
2097981
172126
260591
240167
2038710
170960
2000156
2455154
218887
2049265
190752
2000230
211246
247389
241589
219427
2036254
2044396
249379
246176
186175
201657
20
258934
219820
226157
240792
184082
171301
229769
182266
194170
190079
200430
2061149
209558
243097
261513
165163
162956
199161
202110
118242
161159
258180
2282904
207168
2104701
194464
168071
129977
198016
223456
114492
188610
166563
260744
199169
259435
253502
249362
237610
211767
195060
216249
174008
2047228
236637
252361
217536
243181
226396
258719
163250
203658
221118
218661
220279
162110
248494
146091
252107
213163
258643
218716
221705
222564
2036343
2044004
2026548
2158788
2020965
2489084
2104660
166242
164600
260668
241792
205801
238323
2038659
156009
208683
223275
253977
242573
229858
151548
170002
258290
210071
246059
248094
2028568
200863
188219
170086
241573
243992
193760
172505
229449
207995
256127
189727
225317
222792
118182
251575
236601
126146
220758
168373
242004
2000480
253584
194661
219747
210849
2110240
2110000
1165656
2012069
158670
2039416
235006
255095
225306
241084
116741
161150
170337
138262
254702
167733
188431
160017
150413
166710
217443
162999
247622
2044779
240096
216065
224133
240183
161330
182707
218597
162752
198975
2070440
183324
173614
181122
195904
209347
193914
160847
163958
115043
221343
231228
259221
214798
2000063
256253
190250
2038056
115327
2036843
244418
2053353
220148
148358
228775
2030375
250595
141976
44702
252576
127786
169863
198476
157179
164132
213917
116058
172836
2017467
252681
164436
255986
124824
228120
161238
242964
202852
226916
189234
169627
242261
235934
121773
109677
112322
193753
154016
10198
2047427
110447
222364
234422
124142
227257
236074
221147
226625
239378
152861
235398
195507
192036

2026168
2898109












3019969
2090126
3018734
3007803
3020438
3021312
3025380
3015836
2089221
3019887
3032661
2051358
3020410
3035107
3022856
3029724
3023404
3017770
3012991
3020330
2055802
3027616

2068496
2066776
2056700



2086045
2862953


2920832
2086046
3027528
2068040
2042714
2038852
2055813
2093242
207315
2048710
2039792
214794
2046801
2461678
2019763
242876
2064280
2202089
2452596
2013269
2043943
2045524

211182

225620
2045895
2086547


1168096


2080280



















2090552












252134



249298







1168208







2360700





165163






2020989













242960


2013574




185459











236528

207809















2055581





164600






2029833
































118242
























147340



205801























183534





























214798
























186175
























111805










0





18635











146559


181054







































172836




129300
















































































































































































































































































































































































































































































































































































































247358
239094
239094



